0.067149166004106183858191  0.00032161158105071369593675
0.044231082420900673379816  0.18028490936377050690709
0.705849405375587934941  0.18696086588613772261347
0.24543704184974590720714  0.49647776938114268618918
0.78229266991188639579491  0.80009663927473573252769
0.33258086734483366386783  0.67964745914874269416828
0.41442117820882973244778  0.57472981780816345676044
0.5850952392682298164317  0.88981859437147148295111
0.64617807943425586980624  0.84709743038183737962044
0.27448681516734835250659  0.41834965082502517663698
0.3504658750864994565255  0.084103506890784315852549
0.93648525272351723636177  0.93150264834355644971708
0.33854126614868712552564  0.95520080190029132971574
0.20977193296445476033973  0.74850136692629698487167
0.76548085655064135313097  0.20888465072686360213261
0.92554571380880124031876  0.26372635099149754900338
0.28276839374824913608819  0.57446475705190080951468
0.99480389660266188567306  0.59113270731086930975806
0.15352461864773045419064  0.59320111854858581512673
0.071455901019647036220839  0.80131421319009876746975
0.67731410058488639158725  0.055438124786574047297982
0.83267008991372648551987  0.98805103826708495784459
0.19262067137815741535434  0.15256938586740387275853
0.60747409243199046446904  0.85935924874637736881056
0.29980940256745836069996  0.035770192712389167755127
0.74563697448661625521993  0.73343778439242068856174
0.80212787963999565565842  0.59673471129439104032599
0.37499054043453605711278  0.15009675994535678911213
0.15471709488996757131396  0.29646763101187806332959
0.63021372286384214067567  0.4542701449276017044987
0.76477290019814070376469  0.69145176907140049049616
0.47447408081690312098289  0.28000846204592738653005
0.69605075848852193676208  0.41334249914451748342259
0.30706814943684734853235  0.44482084116596803946564
0.55740415070290860732882  0.56750778343500229983221
0.63626206763939363586502  0.71279924093611735091969
0.90442409601409323727239  0.036571549255713362014397
0.95432347173492804159878  0.0019972706765645550225363
0.7127685419866746086015  0.10168103940262125661764
0.15671669024868870034872  0.67235211263069916132196
0.43370350840814908544019  0.94318123425242628155019
0.81385581788344596443352  0.23947840285175164831699
0.88046415619006246355838  0.35757051519390981031421
0.030714491190630407307927  0.96118476159426369243022
0.83436192959074906294603  0.16165976008409077557815
0.6309865230004709779621  0.77016733747093002460105
0.75899898957534150945037  0.18257205931191891612464
0.073939723005661969756908  0.38817216434917028999863
0.95396581022684068251749  0.41670635194126182110352
0.20636973700300725864665  0.68408565768411155882944
0.55626366987443753853171  0.48025573633862317368681
0.32647810009333644298835  0.97316549100213156631156
0.50205434885679967038641  0.034409228735734792570256
0.12008288801543906543223  0.64370799829142999470832
0.55708803082344993118369  0.17745140483996169056269
0.43952532482516604162015  0.90007282520163445216355
0.40430047578442496192253  0.2422358318241112917768
0.51513224651736522208267  0.49278671653217831494231
0.023793357841463431273654  0.8367100237376392524169
0.26850858175968161933866  0.067220993549829147206687
