0.58980327177966052065727  0.07300999515187234223390
0.29488364492787261239570  0.73030894886099306795302
0.79581066568155744977986  0.45644073354491182525905
0.94755983184886150016979  0.61806618971365634429560
0.26378512220220357020750  0.66794406994878152694639
0.52630885026691254235942  0.10367705329666422608970
0.23395081299200923274917  0.99299623078839760470515
0.96610507275319157383109  0.30974423214366753054350
0.53590839899597175755019  0.25090873992950046833528
0.87958390328599422858247  0.26059115535682908504356
0.06492167453877741023494  0.82984831227164657097006
0.42393072270871567930328  0.07475398782797920693710
0.84434823180452889257452  0.95789134262116371054674
0.70107895217047466740468  0.74489618395632428704545
0.26398122164149379065279  0.30187972467231333206783
0.63082705821560824954730  0.19938079236888003875627
0.12026714836895356641744  0.27206616967276309182466
0.94624006356695788966249  0.88925583003584429686583
0.47367859588983768359682  0.58324150691506182475621
0.37050495488461632209720  0.32177398678284796496030
0.96118931222492220989295  0.26649892891533488725742
0.19627312212375999656011  0.66372884045518265594410
0.54204425988663940128021  0.98837805423511548852389
0.55965251565222595697691  0.08290676565054938551569
0.62572945854982353619533  0.28188870686998585002314
0.03935842327423935693709  0.49085605176483348977001
0.69786434868648994367391  0.49148315675461268225988
0.94184172458537129823952  0.70921102833200211357223
0.02080056873983549339813  0.48457718020501872047134
0.49749386256461763933245  0.81807069891568406916349
0.16461928946101705983907  0.42225020950900943317308
0.68104192895121273831904  0.17817102563436421069909
0.12137398420145908972678  0.98143965962731671837105
0.05266765246952236079192  0.76626511854643120091879
0.78995626648473860065280  0.93495872660031942302794
0.93696097632880026573332  0.10133251474444572581834
0.78610268902526703183042  0.18273878348468339249955
0.27274271787363713048791  0.30551208610156888045850
0.72029893381882625913448  0.04491402027231276156138
0.63482560821707867404484  0.77209636982131901739024
0.28772119943539176123437  0.09750093940775757250794
0.90585332427525744325436  0.85052633248389042375237
0.71583176020468552991360  0.47923680768184895306661
0.18212249180016024108220  0.92624155989197054505979
0.43585331595350323974358  0.36893282158004564452725
0.42813490256323594174148  0.94651660010555138669019
0.39844944888154526507762  0.59522064261920237804304
0.12810908587337038744280  0.06193217851194064704767
0.44284363904061468941720  0.83381209826754576486252
0.75785544620070011134771  0.66350919531064467271619
0.23928395713679601053414  0.65374600093664692046502
0.76303160338118991568024  0.65084828451364185042394
0.85091695503813424839024  0.36442845914999633105680
0.88307338151212633192699  0.06585237426214832212601
0.64030123996370158501179  0.89730971286249094909238
0.86615909149681491463468  0.06656024013589627308374
0.90054893406503766506432  0.95724912700546027632953
0.46546816640536042841703  0.73992691467866256171959
0.97955298320239081455441  0.63586323239448716559963
0.49753424178661420640424  0.06078939998671682720666
0.90263090864029449367223  0.31323731693929302011270
0.43710639083037333696424  0.04786897173047047204797
0.77451190780481649067468  0.84623278158258374848089
0.20075820517533110587394  0.12077896953898283050055
0.84590445789515367192024  0.26268563243814158081335
0.26242206379958477047154  0.73208193639903740290720
0.64894007849401780241294  0.90470149762203411203387
0.53369538671922711614570  0.44902594069866696990800
0.96745900539122153816152  0.75959442718700420638100
0.43850873577277676984565  0.30981643409807990696692
0.72629170497723471999763  0.55843179443878421253089
0.67873142163994004683047  0.34969711711306677992539
0.61039148568241707870641  0.98011437127269951385955
0.28518051375796321655898  0.08806890464334667101287
0.66822332352507796127128  0.56058455419223929272476
0.95248675057989640180267  0.28973031110062186233023
0.27383416705842639204960  0.90180558187355286392517
0.53575255951705003099050  0.55851528397467375963714
0.20972447234081681433082  0.04280416357784651987251
0.53729880897580162280036  0.97645373305289484555658
0.31223517751499507699720  0.92886898026618636148299
0.15354142801071979373972  0.20296553079989951284823
0.11374991076043865223522  0.95302857418268194233946
0.28500163880140755301440  0.64328257502564778480547
0.82792561340890669097092  0.77739765946006200714180
0.33533466171024151059044  0.25751468165101598639666
0.27819423875614651686661  0.20753261002789896716436
0.18425062047426923883542  0.10396560064996969441342
0.16764704269398095215493  0.81382093660293874926026
0.15602883291845415225652  0.53937742381743802866367
0.77022070987134449993050  0.19777306020926027629869
0.34903841356709525145519  0.15381555717029843366461
0.58732447569248336094461  0.35278175967868741214062
0.80511470539320728612154  0.11860812056016689641780
0.87062844170190378800811  0.99942078279344748192869
0.18139954282262929496916  0.59455449855827058325275
0.33210267939477083887212  0.51143399913793130551198
0.84850700339185924914176  0.29662680847960709584754
0.31677770810630562214882  0.06905199913684309520612
0.25598484150221256783198  0.89448363928998142480253
0.28232908461011962941711  0.39089305955406505876937
0.13158261007114510632299  0.37395529629650064995516
0.68378919143495520138742  0.48937138558841036806157
0.15826674041659682945493  0.63836613615654114184395
0.96769302964806580558133  0.22988802571835534327427
0.02017822961705483669759  0.34810354906106755201733
0.20063933207926701318691  0.87469978456635566477217
0.14975338512025793136218  0.18849264695179715478623
0.27049999874005054012471  0.82132619474874823950472
0.84036768825695984386215  0.49455227654636391143583
0.01727303419413105806113  0.78113069191291695236856
0.51900288845166986373414  0.85709753906005836654458
0.79099562455061034338399  0.17574501283433452414329
0.89015526024840208041411  0.21104971077079362484774
0.02562250405265907235441  0.44118011837165804767125
0.72705795026646746759269  0.56527146000600836384109
0.96935605068287400420957  0.90223146657491670730167
0.33594882960866928600652  0.11081788844560755413760
0.88067224237376928730470  0.85167834701884648218595
0.73984120279545961818002  0.29622561418964188373337
0.48327686313499873538291  0.52260600363493592279696
0.22333628502109889590876  0.53616194101287262263611
0.54352909693079876074506  0.35728302046980109363261
0.60966910050096534412489  0.65132764176030200076184
0.62341265964984082792455  0.17458942525286935687490
0.03886386194477731148567  0.24548692904370916778589
0.31726687552318749707680  0.86507806564663436432738
0.01109736013132136579762  0.47281232768539527278051
0.21679200257300484944167  0.93965759500642631607548
0.39096853981623930218703  0.70374557558670014500990
0.63269879094145131670501  0.44242962784718919966309
0.94643966326268114119813  0.97959965026240214402975
0.40537369828383479353207  0.25488703512765409353591
0.99836375792635490000748  0.32560617619068943362493
0.58623611110053774897466  0.97754689029137642464207
0.09262069266109557164057  0.47516311564154689595085
0.80050071766104069492798  0.17964047058841922654970
0.26600517050450528389050  0.51760093279545926758800
0.65661301958611162365997  0.43024037704589501718289
0.53368302219778951389628  0.92390457402403114439693
0.41674665040631997392495  0.25058521447286880023952
0.53158287950837757041000  0.90062136734731146336941
0.72267746409031408116874  0.59625424847069086187190
0.01736115918887982945140  0.26020167055665155420030
0.36004977673740778953970  0.83257170473169894719945
0.10637043703118338744407  0.32156780924579131397678
0.80343492831173690671420  0.87591391212179858793974
0.23504413859304398859429  0.02633245190643426075772
0.49015827786371185537106  0.00811393374913234148582
0.04635391478169540585563  0.36708005721024650203077
0.52088323366303956873935  0.32575775173840415543935
0.76573114257017793615745  0.18280136029286103704905
0.94930664098351480451043  0.15210584375209457164146
0.73488616578444176941076  0.45688537580247462477345
0.42410285896967153673742  0.89296600326613628784145
0.66220592251996024391048  0.16383451747147703692065
0.36931407821161854609926  0.98899033563084393083642
0.06184010915550341297431  0.60116883524980235797841
0.53526484824969189357802  0.63876820172047577006680
0.57616615076059263245156  0.60550982167195033234464
0.94954235853513269116633  0.99014880914276726109335
0.52527980919803085591013  0.81458343207183792067383
0.29220810208018055398327  0.43881747488451333660819
0.67376113080297717061740  0.36760215575198212922814
0.84064598219783037702513  0.29993639015517126189536
0.49125768989235985007014  0.06340053924414394692644
0.73181983201794631455073  0.79522192518765866253716
0.71056041865704100413126  0.04166414819170773803370
0.79288862466556020436315  0.71269791918579394884858
0.64534686415059894226687  0.67808107541225814962615
0.62622802513950093228345  0.20951582584341638115788
0.14148624377128268814197  0.56793716402731797554537
0.13042978085630055340438  0.96077803188485666474605
0.79564530243415920729433  0.67865689871476875261180
0.86989120111278273039801  0.33591680611085095176094
0.93203718045673178416166  0.55710666417026954988501
0.59169079660513956842038  0.76888150904825924847330
0.77946658925940004447597  0.42586524186665708491262
0.33368116084215176941896  0.42744631959979539903571
0.32341833099112066163272  0.45899383114569886066292
0.95796278763012088219853  0.00853230149477870840335
0.89842378181535198500285  0.93322044530597036970931
0.94703082308208497153146  0.50766226531510949548931
0.87548035619098274473515  0.39311928980636495767342
0.34573928528401587367824  0.22659297508128348197509
0.31414320510696658317329  0.01711150243380023250328
0.26165702715921035359514  0.22534466344909279134079
0.75707895268773173214072  0.84754621553593301186424
0.72232373085287815417388  0.75560949416103828646385
0.40780295887016382305745  0.44876536215249102079738
0.18118018900792673409050  0.29200999601661525861829
0.10312549837104946492961  0.40182456620526385560055
0.83371170458439636252734  0.65651294315605790430368
0.04900879369574441535296  0.70577318428535174010818
0.28108228814799723904727  0.83947743211991765477364
0.23801357169218256837340  0.61268532342835246851109
0.77930587328764644450274  0.53181451758367226378965
0.41887227565097912007630  0.07286022781691524341507
0.91322460330950683271567  0.15142035403425876949335
0.69565994390495777821570  0.93458501388332038128937
0.63199653456687376884560  0.03890985545074541335220
0.36709065679063435094776  0.77239766737448689593037
0.86498555364005513812486  0.44924325357480798803778
0.86886627384224313086492  0.64921650186500690082880
0.24761282621617608512565  0.66635493770106479782811
0.35155877218303632769647  0.11888178816617316069237
0.28585522017797959648533  0.00977390771156908672035
0.94231029758389328598867  0.73884670748216307867295
0.00050183815722133642920  0.40697111268251318083600
0.24600553514599490800840  0.19156269786089244466787
0.21920792861112051164163  0.85214236987504321518827
0.39727858800863175003926  0.23745729910220936265119
0.48807357756072888843590  0.44642091119841131874324
0.11890857544710883852979  0.25601105060275058944441
0.64607823152777066333385  0.79290817588405693161491
0.80806069154879889282483  0.07234647197819946140562
0.91972972664554741850651  0.02736817421244486236986
0.38060210062076638148909  0.57490111960577205962863
0.69222923986968110110496  0.72806594372175270635239
0.12322151789234357666114  0.35744508557154458516791
0.46418922174590254714488  0.60611966489050728146282
0.54973085018550493785483  0.78719504300599563162422
0.00132815946796712488348  0.50040321520778396902074
0.78665864266940932481020  0.72585125861744492770100
0.87990863498708993262198  0.02728796482475042903260
0.81416542654161072611885  0.53054845461214694690710
0.04555159355668488702085  0.52090638627797358761740
0.91345515623700757057435  0.01116702399867300875280
0.34163153778492288958901  0.89623930457422140705148
0.07961714114995789570717  0.31104315425106249248799
0.52742544861302509406897  0.64698612987364478854602
0.85207601052127091012522  0.52687258382297819103712
0.01197158715668294667878  0.64068921658092337079182
0.23686884229523566536280  0.13260816491616100876172
0.41353075240557063407820  0.90513917509236996306043
0.65200048474458660585640  0.27971690965048423560546
0.07501816559794509398085  0.19465584825710810501498
0.28404012166022746255223  0.65463504963058571917145
0.00464425496714959869238  0.44502895957022314821216
0.24026803203394170305174  0.81280167271842873599752
0.48130493318211398090511  0.45015905430794561636887
0.06896103420044112641829  0.92996364789181662491302
0.17914743133579669187583  0.48906291763808279471348
0.09748902837135250964984  0.46745178052703140192392
0.65844735541293974989685  0.94416041958535157352372
0.17291381242402176221518  0.52202777647358011847700
0.83378809661806785324956  0.91703733357499650491462
0.46764611662607397102320  0.09400420385793906152827
0.46634333965463126148165  0.79578334388844162994303
0.07716124876984581382189  0.99894874355395812948188
0.59982633123784934170430  0.55354292987473063814008
0.15971999525384686369200  0.32268126145389192105384
0.91537661221745314499287  0.65080236780289990594639
0.17074466031260199239128  0.95687801742250477854412
0.51628332901164764034974  0.68205353291640014035124
0.78300327050580231791344  0.35543756399301229542687
0.49700316105952901946097  0.27245764201072691923500
0.36025313009690995702528  0.47536195237318784601044
0.54935709717110436933751  0.88260884273666073696063
0.09742575502863662362252  0.58892041181068588429071
0.70123418944491511251016  0.47411197666511339932072
0.91750438138016021660803  0.47037493340810176967182
0.19678685415474825304294  0.63237536184968801133977
0.77590553904370918036904  0.38529523850749591851184
0.79221959522535712050484  0.41618623428831774679892
0.04670378358271624896769  0.65013853962953971343808
0.90473951772786231906309  0.19578357074511937296890
0.87202756783832213738350  0.54888212781434231324340
0.52570800119956206941652  0.08645694468735212745436
0.84067655915278249878497  0.22697688464537957298006
0.96993631314650763375340  0.45003944645557397707947
0.21340991163063849356263  0.73466210735563497458145
0.53943430732383157444332  0.24589407741708163568362
0.47886357301076354353597  0.73177603138044944319773
0.81545380141564527409770  0.88558971112411832837807
0.41866192364514193124947  0.34722496749126924298068
0.57525315469997562178861  0.58593844823002616539753
0.90165924559599774923413  0.61826930447755701347745
0.91926417733380993979608  0.49271980911776608325070
0.17451453357705482005713  0.56259689233898613203166
0.36333365968191927430908  0.43015602561851445928554
0.51903977462653116958791  0.09825816743529035279803
0.61977003461519419857950  0.56389951525161541301401
0.51921400142304041658292  0.68155871378715693342798
0.10067309277322780691755  0.60355529952150910322217
0.44040102666981861823103  0.99614335387107721953015
0.73876180999516605218957  0.09839027386278301201550
0.95276499341483555927113  0.97549585834533658612600
0.27499404240538410926220  0.86632900154970582384806
0.42250117508288131951133  0.29331781325496458778801
0.77388203876877981191029  0.11990413124732343663759
0.31003382000409590579793  0.55834838596160762946852
0.07188675231774530050011  0.14203734050841188008008
0.38845127210834995423738  0.55334441978492665548117
0.79174867203844467855589  0.64741604011233377935497
0.82868950580815714523908  0.16760144134002588622856
0.24412392490690498769723  0.52207316554833982369388
0.48545342036241573291377  0.11635911237118787275868
0.18041470176020232840663  0.56663252053571611099869
0.57988693840972738158257  0.33694026441259661286409
0.21135763710555277583580  0.39340905793635100318184
0.48334853419947937380741  0.62029637500443168818265
0.46440050320874970424256  0.68248548242554896159362
0.31442049875666844283018  0.49504468119334932296738
0.22190474353831549092497  0.47234756612593337132822
0.14580373619411482466468  0.14481348491363557617895
0.72255892218124118109301  0.47572228820174333741022
0.95413370813692088834301  0.59576039549389203653362
0.95209293586758392269331  0.05867380430694889986709
0.75065765199797518381075  0.78270647270578530552143
0.61077071842023145098466  0.41111005552865592660439
0.84514451136236301564963  0.82891198799954524112366
0.93780948010239340018046  0.41131129673262106782872
0.24750954597882035557177  0.02764165824916994460003
0.57312930894275038173902  0.63404460304257825864482
0.71087294147017299206226  0.45999237465886638753787
0.00027816161714202164478  0.16712971916551949691510
0.52493955693625937719560  0.76862874020981242217943
0.99756879717908997218245  0.11686895533676190661598
0.65866402738683149653554  0.98331861687619059875232
0.18247077787017060290786  0.66018881895548608973456
0.84633505868461123000657  0.03018355852297250480065
0.27776885031478631971069  0.33108244670570474710303
0.54389673023529172546375  0.70875118962711358694406
0.90465305497309767002179  0.26863113283010114917815
0.66579327322045855908073  0.07733834793080783531760
0.40955574103843422895110  0.44780113002463273197407
0.09892634356080189095284  0.52662773380222960284414
0.16208942449851246325743  0.86939736744153328640294
0.93679327667837497539693  0.04846728974848997506530
0.10977100563473710104212  0.13310080113475392105116
0.92375662651456968976760  0.75279702354595523505765
0.50416397064626594648473  0.73200366110757131288267
0.25284590228156467173193  0.06280835297817509432772
0.26409837488128246052455  0.42501434765736079146592
0.13988530963771372839233  0.44342837336957308114194
0.01938917301587148728226  0.23181789889938314574991
0.27192198622233743066090  0.93560856258625035852816
0.90371548900198528375682  0.21270593899399772852554
0.55279331255225627739236  0.56490595301259827198948
0.04865877840706802487381  0.83768689772782234381765
0.41697451233487270449984  0.27651122804603839311355
0.43057135856750078373167  0.69945210972006943705992
0.25437139779924039517667  0.43455546196508393341773
0.48335756895603232408121  0.05046523147592447272602
0.18926519597278634865489  0.77926772826133350324795
0.91599960555971049469548  0.66151848928863410392864
0.73899028046243364631351  0.33789868692199476196691
0.99057386070418684820282  0.86912195171915584968048
0.60772019557894774166584  0.48562346283120161327673
0.00697174659935793222809  0.32371351024861916290121
0.41515534482018573436690  0.12933147169244163521284
0.81113660162274536791216  0.64668725817882088957589
0.14397319878687717120691  0.51676306698592155974836
0.22125253415233248066585  0.40419961763370831908659
0.01729849453632986006069  0.72659088314911401962348
0.76975126044360109300868  0.14807145020535861235089
0.84579270062275557773290  0.39755173958346096130256
0.66563499278100535239133  0.62877987456922113107538
0.12135091409410758700460  0.93144040037084696592729
0.21437172677351837291049  0.70322433917779125778225
0.56583324257393985412534  0.33241563173185706414614
0.25715347764277346476192  0.40411262698974587115330
0.17796273310108026710630  0.56661916418166058395656
0.03464516116208151558231  0.76879377022590555945669
0.04619871225612685872175  0.74546510500337670457327
0.27752182618555393256443  0.76490494374810324984537
0.05218657892035021700350  0.37895922743170951108027
0.45388309962315159795665  0.76355979458561940020900
0.25958218993271114927168  0.86022716835330292894923
0.18460126483002373132258  0.71202863911347769043658
0.70668588885781891129056  0.28077850031905299266199
0.01172132680026643190840  0.93887209523772141572806
0.24517530877456059079655  0.68771197258640781591055
0.69099284077686362603998  0.38502126645921591618915
0.63637316970136037497241  0.35735966098918453548450
0.37343627113346222756718  0.62110036619957209591547
0.31481297767324356584595  0.02924191747585163855816
0.38907942074043894153945  0.68230194795167353749576
0.21190421546697771337797  0.11502766176966253142133
0.51090954354004780579857  0.53201251015482786677069
0.39175027196258016548569  0.64737734142753877719656
0.82603346876446692714779  0.71091540623692039968518
0.97166625842880827157444  0.64099829091063498243130
0.17013739393552018697164  0.86426303496873391196686
0.85726617646908609415846  0.57036683109759755971879
0.66607741546188981018872  0.58739720187279598206942
0.55868116881659080075195  0.70883507225775632676346
0.57321074682017802981449  0.13916266936877455528965
0.61600720927242469393548  0.52042653488537005124215
0.83566735734517505473917  0.58831885188501431560582
0.03428548173414037308904  0.55984056940152793213628
0.77037528758525319894090  0.07268704421612937061070
0.45416683103573940449849  0.30625912421875545188499
0.72630579244146742379229  0.33482038108635092665821
0.68354055721993711713935  0.77259384224897620363492
0.46145346515810409249170  0.30811693716248372831856
0.45381637668677199393130  0.32063962100383408548865
0.36908443892742981429222  0.57512706038080851911332
0.32072908680206146936342  0.42567742153985377306924
0.80759131423344954203714  0.30583101459100070496078
0.39790949977363115896978  0.48972977546695417583322
0.60208038832428389941498  0.09849156092417339636302
0.21339968005765619363245  0.27973955705351705169903
0.01574737756138620825563  0.35751403611514137592664
0.88101713318926733187197  0.99806348580016546190308
0.58155420194470464068104  0.64495884236682921031303
0.62829538306744958653383  0.65469182735418574026198
0.47467354847999915223866  0.13135254984084560048174
0.78908425055493713884402  0.12601548860690819919839
0.72709494247371364572530  0.46693834732527200737096
0.21498278727544825605911  0.30961677906998608111877
0.06007418346675631737330  0.49414450616670335669767
0.22953380729358713319144  0.09497033291880281613562
0.71791139232296818928347  0.74281774884474238707099
0.84387938135397855266007  0.50376708172845130473405
0.09591126675966454850908  0.08896309892596450386026
0.04109175326757234097963  0.61384918549643918694869
0.59494704821169808184322  0.21182747240625440787731
0.15053035960641195090126  0.68006166036468307378726
0.06495286578968659241262  0.63225119400398832603116
0.01349418932339760922312  0.82309284715959718514711
0.03555223906566611080660  0.88326860053772193737132
0.62803811235800288681475  0.28617497762624433121914
0.32674632156641503222261  0.27213015718876021331596
0.87859678965349863322132  0.12378859943598664872244
0.93988864248682035817950  0.36608233727758088260629
0.19886016853078716803971  0.61404894571136847680748
0.24220244086136391570285  0.06845380666501869881824
0.21645853353346286573888  0.59326261554294246192143
0.35455065351154990693772  0.25138922207859859536683
0.38672948826259073706879  0.09099677836287241305957
0.32217504473878405546472  0.47929669368346655700108
0.12483284430703101008930  0.27001086969511794988463
0.50619632089505306460353  0.68252093793934842658189
0.90714494493032793442922  0.42852350434776548260274
0.28608558088658792017966  0.61852432383726341225127
0.00105784146778314523847  0.04792539458556605014294
0.97563402745326821552396  0.65477495040668298731390
0.00644882384613192517070  0.50256658125207775977827
0.50869619592885972902963  0.41777656254122652601524
0.05719719358290910327103  0.58677313987930090899425
0.25267983787742120949105  0.91101333509536108756777
0.26157214170664899732799  0.34496566762407110395827
0.51788256834763291003298  0.31250050225523307023678
0.01968867369240105344441  0.62416218914296428543764
0.98853755115705521649971  0.50484939105836446060493
0.73917355229259484872273  0.14324141192999206850800
0.84273705468719894984275  0.26167468557437978393665
0.59632664321671657869928  0.84570376158112758879781
0.37119747229194649529305  0.83002791842061451887957
0.86645689034499617786622  0.07579262304984685227893
0.92568340694621253916807  0.26207325431047145958274
0.89578698824268487843625  0.35616351094266973653646
0.13779182700363004632216  0.00747853724997527089663
0.47514305126576567017693  0.41751585903103111130363
0.54905102954826112693354  0.73184317658997044553360
0.19678468981738175824781  0.81080144029430134544612
0.90139177186697772015123  0.75707085126584217071866
0.28946883910831328057256  0.56826084165862011943204
0.51104693901943887279771  0.89432415944336274282733
0.65151834238938532983809  0.15357217791632296610693
0.21658118389860658847823  0.07348570567056067481815
0.24204258197576883349100  0.60548774305866315259550
0.12002814867912749152712  0.47944210318929314507130
0.84792149232771751865556  0.73788114215162903253287
0.62722491830577220550680  0.60830344275094616612876
0.39813833997724668023466  0.86612322896386773063426
0.97964456070578764812495  0.27962476256548568498417
0.82762463299540400818444  0.89090548817564008121650
0.58724186786603393972683  0.58243498977447982767330
0.60479848787844536772695  0.92842137766897336881300
0.18429649004956200064598  0.28841158261982491328723
0.75153897821073167850869  0.57229908855048505778029
0.40956418097974389702642  0.23793340701238238632520
0.12224120587028182438605  0.36288471247148051945786
0.00987568822751986111208  0.08742117575816056584959
0.96420026312428341874750  0.52694641909577455418656
0.85883977874394623608367  0.23028450347132375930492
0.35785616486451465867447  0.09001319580248715035431
0.46348838868472802543508  0.20018805846304035811478
0.80688053733815789936301  0.02591846690246539519631
0.65333307436439469473299  0.19438500771141684064780
0.83141565980757980991456  0.70130536071713289736351
0.44217182974140895046489  0.31157679383489361724102
0.19168987832223000067344  0.65149061515211514894474
0.96700621959125609983232  0.69371575302220322978286
0.42636343506615986820307  0.35241997116249135224564
0.70756650958338840329276  0.33259041472872152844786
0.34302987246789162778526  0.60856091625270880562937
0.65462946965863721970891  0.23602347328746273169564
0.71566055454197463614463  0.13551030180411494097115
0.89407897436432570703602  0.35184832024149714779782
0.68721432682398175817440  0.48808694817004694144202
0.26786872208191664368471  0.98550224578279621567845
0.90681708490049584003856  0.79246865175809610981617
0.33129401846104739037813  0.47988317365836841155158
0.29448640000039977282498  0.76499252741860768178839
0.84122110559516494188159  0.08940386618439531696279
0.83463053030946321442229  0.04407170785610461244408
0.20440663473732462174226  0.82722083526694667465762
0.99890617583479179852901  0.61323799789485011757506
0.59872607202315741847798  0.39235467415426061865702
0.50408807901063890088977  0.18728452701884723552439
0.67974626482141276007098  0.02404417076977513612057
0.44369641349091626381096  0.12725717233657277138725
0.61130318479413559007440  0.93740618146210386019135
0.78665210862935452951206  0.84382194825708056740154
0.78642582869752430951849  0.46489910198995948453771
0.34187391511720444103872  0.66101993049356611020784
0.58378821568662364605018  0.80856324580759142417463
0.23623897171214619516988  0.96539442912121109507950
0.25884478477989281142158  0.30985946032936451111084
0.40802473584435133835413  0.15709302925131060635344
0.17103466426164409819322  0.45136817960420017037393
0.36775986917203740134141  0.87247620888189592047723
0.02390554720245347333774  0.87275636206090578816941
0.14027389444847876420752  0.85469350076007788441501
0.05902484366989643044255  0.13067613253321577748700
0.15511629521564770928244  0.58631408555985831121404
0.80689193410431214736889  0.33105472118830292505010
0.70326132495210702533228  0.14229922108800960312003
0.66159531692438611205631  0.72335645555748340207458
0.08338827149761221524393  0.81658054541721625252393
0.77332050737062818512868  0.80828694858866878547587
0.27726577822394016248353  0.26499378885755597856644
0.68071368487899674981634  0.36219203978915054387144
0.60574966606504809796263  0.51416439845213990356143
0.46906266297626775241270  0.40533846293438163810308
0.58210531617453764585690  0.91632960874673929918544
0.35268061003162259892107  0.27575565032754001393300
0.68692621324619818068413  0.00235313468072665061062
0.20886966367029694002788  0.47259580556866165323981
0.24315864426520300556334  0.19645946690917889809747
0.97902593318099850883129  0.69512080336798875990212
0.11516997124187614010005  0.54370964803777888096903
0.45067598665560987258871  0.06143044096506834056415
0.30746088861295717276079  0.60780843524680372436109
0.18910209034681416118140  0.50258194043948045681702
0.12636794662789366250344  0.58255970939796020147128
0.43278862885912317004511  0.29336619626436394314695
0.69919162491339803544577  0.23311538835890388554617
0.51354712973446425827717  0.45257425327367117873223
0.21546345896387997242982  0.25650534902385213609222
0.19977013709366117644173  0.21978298587827435617292
0.44259616243166888249760  0.20888500350844613207002
0.34289651875511889533854  0.60066349997693779805275
0.16596390627797208416894  0.90270151397704279094825
0.08862159954585356602674  0.58299767144201064539288
0.96104711170957379806623  0.49089214115500728885522
0.21851238754124210905694  0.18418438842383538789349
0.14682214098506707333769  0.19369788769042170506474
0.53385289596924923039012  0.79497924651925899741656
0.75826292581707654960610  0.89085224136192642241383
0.51525707739388071360054  0.82226881876867496945493
0.89189118148741164393556  0.71596376328011168688192
0.87362413759664792056725  0.67123083688983220529423
0.91204256501636526976995  0.50212727639334908680269
0.41366958732919462127242  0.37713048948058808251815
0.76958381508413753469000  0.63652598656553716072182
0.19878053007347457059595  0.84496139799501401856929
0.12228931828848862983783  0.66649585980507053406541
0.71324999291966439951551  0.73710939300297739773526
0.12554290988908178849925  0.76366430153865838548199
0.99255486049308616625098  0.90729238800596456737679
0.61931220559661659397221  0.62711616747592613396733
0.94020810696531409433874  0.71542710922144225893504
0.09170384798008647531109  0.20595841509109974465375
0.38562059660478897882285  0.50387806373886045996358
0.28940639972281484437744  0.46957846618000348426492
0.44436694623634465095563  0.17676736518267499587154
0.15199713950702822828909  0.89855041508477195844051
0.96960742415551415263053  0.17146171302593596341701
0.26250669751068705926045  0.63861182513512126934785
0.09235989587288766233808  0.58502086802022679190571
0.92267058049286565513114  0.67985868571515006841821
0.95964314114136739508609  0.33954681372896483582124
0.11796979520345676761828  0.31041366459669622601680
0.13323165892539784449511  0.73104405273982253632425
0.94008102609789545578423  0.71273693297020568326872
0.85642340267860550540036  0.80739579403936645451978
0.69414865070888220888179  0.26115211536461779839868
0.61325371759901670110082  0.58637739832692314934093
0.33874028146995005528197  0.28469053816564149350654
0.82266016299666711031335  0.42085883086733966162996
0.42466747757413220165645  0.15407415610156471874603
0.69051637617384453715630  0.43184855966538043814396
0.20041904058157158918796  0.17680046773985211294722
0.70290079413285611042994  0.19694997950547538101418
0.11531929355415808380325  0.69892569185281794297282
0.06113851877284696978432  0.69644013749203759200412
0.46047285937801002431158  0.66520819689015908693364
0.68850592389751597011127  0.06317855622056794961949
0.49722575548557385038961  0.24710767034437222666732
0.74110573116459543818735  0.96279595733966460979758
0.58345305578192796502890  0.67239928435691320718348
0.41336273647851712320644  0.00909145032963235184831
0.90550004039577758341295  0.39403154327283640423474
0.85731897432977932638209  0.24329220788618699522488
0.85842125164295801642567  0.22901853934009819280249
0.84557679719321976463675  0.13667509311717587761059
0.38095442674782153957835  0.69180692918914077349513
0.58298772106883167687386  0.29441208258962781041390
0.98069920787102904391475  0.93265022033586575389563
0.94184780468217788040874  0.13867751685605275713264
0.92490640427431325409913  0.87444217041464200601553
0.91033457395508576848187  0.95362790948091469278580
0.36098952465480049767166  0.36837280938998018253727
0.78979351094987515491397  0.74840019371266253145336
0.93831026491149249757484  0.19949563739207173962420
0.27388802282117391539984  0.35667963209947067815264
0.50802987855395675964587  0.97375706657581051484129
0.27114378801300281773834  0.63481192919092821469462
0.25971039753920538428744  0.46036104934250415832153
0.47611054900541999179708  0.76612990945380510243723
0.69229232591715073041883  0.93812751102939961889149
0.94035528437482174268780  0.57689646268834948727999
0.48839163910328209361467  0.23986530303847264367079
0.61646027591640384368787  0.39220909430020339803136
0.10067260611318440410855  0.76045914139848436175129
0.63957225238000237066416  0.52376807272879433163837
0.07052805057794776788516  0.15642817963778521406226
0.14154398148587149508515  0.05172873688470935871209
0.25203907137658621007148  0.93665613508806522258254
0.07836488536070584931537  0.80987974961804576334856
0.08129652988516124223484  0.00841660276498460216410
0.23118166449591498468052  0.21547986415664646675516
0.48314490917791497182066  0.49721678625087178948760
0.96410271145043624496651  0.57866842012457853083873
0.18766948230937299801901  0.40682377867653463088260
0.72408487183593617242394  0.41919078685268740258607
0.78429329512538881186146  0.85203336332069501413145
0.32571640413702812599794  0.74161710831575078373135
0.97064805477774118713796  0.75632789286555102137299
0.13788350965935394776274  0.58194773657869580674173
0.44770188802296517760482  0.15004997173861017722984
0.77767496315449124999475  0.31779965893042544378133
0.80813281273928805337192  0.94524518211999286609881
0.94098441941344557193361  0.11029690943188520668716
0.41448885840857763174228  0.91967548519790409677910
0.09369049388393670130259  0.27991164485480241053139
0.31932121368063393074266  0.96498845508758357425450
0.14824740375150291527007  0.76722921982384573169611
0.62083577234308950920649  0.48049482282001165778240
0.44904401173074620645664  0.68932148228446787907586
0.69259426981248806143299  0.05947526297086799806912
0.00170195488559731454570  0.08808598447147110432898
0.15735711354072601242393  0.01915111538945506869380
0.90672771157968268251892  0.67615963480938956475796
0.33881922374621470384071  0.55906110874608394567531
0.42762945805878838090308  0.25085983201645367657306
0.47524900985649759510565  0.30791220062256058342953
0.95912382895193537546419  0.58525260460948047569474
0.57357997060334298122797  0.85385322274385067053970
0.82174492781895203119547  0.92121321351262619447908
0.01195821059648068639125  0.07921957225866993468344
0.01939779224955322234347  0.61575387195371134030353
0.97757173039333022934727  0.64858572339581166410483
0.90431832832267344812749  0.57202128786215034050855
0.91251579135431026834624  0.51229886933716117791704
0.76697893396207827976241  0.45885539049973717018460
0.99778236080581494960029  0.86589115282402695505937
0.72297281976329941244330  0.49222796445185851288429
0.88999723756114557104979  0.63045056602162097281195
0.16414780092106795450491  0.13295553683804806066604
0.18552277364841998630318  0.57178663684111197262894
0.67311761005264880708410  0.49972650070227236929199
0.19521533978672489517692  0.77750864315796097692157
0.20257306526792656642399  0.19924879907231984876859
0.67747608290781990980634  0.37468158934088308109622
0.05214808793557906135829  0.84045783833826326336691
0.60776910152786767227440  0.65134486605891539490187
0.38128553914642709932181  0.91518735301580311780612
0.54437017528285114309483  0.31984391343328349988084
0.22291603484635394427649  0.27333038634371181752059
0.72079806178203176258990  0.02581080278255284618516
0.96287182776967117359135  0.67694889902131605285973
0.37824186379912871913689  0.58837086548517691930726
0.77596850214000934187197  0.95378583895633617384391
0.09193184890095817962674  0.31345472430446291722816
0.58702394192830653629755  0.23058252724671260414091
0.65777371563051501013319  0.79030711226811012348747
0.80158931056220128485990  0.34766295766822163937348
0.04732233450329764723463  0.78577832951706771957845
0.35207700332180885682831  0.02700648989225305079964
0.43144377486386015219111  0.44589525482852393478694
0.16707672058935199577157  0.66100114842758161959324
0.47021668121393556116772  0.85379927653145593069439
0.92798832443718959339662  0.15117897123351867194607
0.20985874776124643914521  0.48550011715894036967711
0.58145947917077789313112  0.03392143158979833011957
0.74588432102260771028313  0.37769601572394456701076
0.51450934650640567369351  0.64972714214016424882914
0.91430810729645062284732  0.70540233504921567853074
0.06446296255266506514126  0.45622886368665521716892
0.10544413460738709387154  0.25954179228801244061486
0.57642331673069957531652  0.78212423284387599942136
0.47632255529060618659543  0.15863393552385726681386
0.13616498560069803525074  0.46127984476490357934608
0.75902376199946108847882  0.13898884486807538962694
0.53827956906506491119302  0.71896270951678742378022
0.69562475920862321121518  0.68873604409672217752103
0.55672979161198621333995  0.29617716884557526713095
0.04551095398352306836687  0.17683073190950476805128
0.91602810358636688192746  0.91257811845884184709377
0.55930301782030988899663  0.72958435745250171944321
0.74838632474911503944526  0.67327703832238494641160
0.12487836201982528694376  0.10054877780369229911539
0.11956960766629907977343  0.92455650724619575786534
0.97325505341995555141921  0.72863874751692281339643
0.80809164936102506615612  0.49012949760424284750826
0.98667884658230997629857  0.04625773546906526700884
0.71095252392523500262200  0.46058150142129228310495
0.45741274342200310965012  0.15026980115311572294701
0.86218938292420344016165  0.58621330524556181096330
0.52580630590550458958177  0.39315178269735107097205
0.42890909079121869451612  0.08141093160177716170356
0.35349448306106096007184  0.22387347739591587081343
0.33839650531335480065920  0.12130938982286543215139
0.10202614732534266706043  0.98901543668700520051118
0.89519732095497428492337  0.43054481513184506003000
0.97535194413787362766044  0.72491883509527743623124
0.61972106303922380732274  0.65974726035782560451537
0.73712786951125564005594  0.25047662139538295900110
0.21046267728946865815942  0.75097293280111121482889
0.32049906644339093420015  0.55716226186780148932343
0.28127885229053134485966  0.04762364345134786902669
0.52977714512034790317330  0.54873935138499085883979
0.68497559215327741277690  0.52852797733107304001265
0.09332510886322149812333  0.36414295813241132071525
0.76214156925513443230358  0.03750084423030006913757
0.73421545214261763057095  0.09758505465568982628621
0.65374321839090132613137  0.50638817207124064978530
0.14044541962618251051964  0.71468929848085660516688
0.21145595546434647893363  0.85340419963126901148343
0.35311448202239131832769  0.90066649108753038532882
0.23526617802971258597289  0.37486809076218996494845
0.46947472905031423229261  0.81223429037414029973974
0.38169041742520687376938  0.78734300998278783367823
0.40159351863205100530152  0.72114117556497336902765
0.38170512099705355968382  0.32599789177240945381442
0.48034320650681044950758  0.41815103592248059616310
0.17046610166195899638275  0.74233586350584412905107
0.20292855349632824002448  0.58950787599545517725375
0.38590787274433718812006  0.24022737881141911775451
0.03125213549343230229338  0.34834280275977369534246
0.19242044854930251407410  0.78091861633559089828083
0.12283145063027829657631  0.61861641472444450773338
0.59196745096054625978610  0.17156837294764840096128
0.65260614624925394888777  0.57150648126758119005331
0.55013358499695053094314  0.47428671059968119383399
0.25390059853563434755230  0.50309404655515455040415
0.44399510136641801016921  0.19057216039075058899854
0.41273813010306092952106  0.66458454498822372435995
0.26590473224644101124525  0.95624087427203952049837
0.75730681680727296445355  0.81157332872494325481938
0.28380113637696990913639  0.24911916730113631279764
0.41698568818017378578844  0.01703671670842617918984
0.78969310780977530761504  0.32805867561810364563257
0.12419282438255282996487  0.89028532739345300761613
0.49030104072215729971163  0.57230158214424609042226
0.43459607713435161047144  0.59842468185917740974844
0.77169116373033863620634  0.29557557369380210721133
0.82528810909747696289429  0.38283481718235901070102
0.93610681295586994909996  0.50422041261150485347287
0.49240546277448199452564  0.41362571020558508427811
0.28390213580446554963999  0.41835666747630334549868
0.16056586576551379330624  0.33360147881699653282794
0.43359388302041801388498  0.41872460919321335959253
0.04276258078085705405247  0.90179694440819957446109
0.50294889025532574233779  0.70668463130427305873837
0.39036811150796840719224  0.13486603835280894236881
0.88492826319078576879917  0.42469710377775221621377
0.41326476256176741808090  0.98970448014266043657017
0.13171766760472519708358  0.35418293467868589008418
0.45098558220852508204857  0.82822830730114771480288
0.57690298267539152909933  0.17412186151555364421739
0.61753882497051926225851  0.96054140137072996363798
0.78957109513933876332459  0.91850512297950182016848
0.93386183769035868706965  0.66056797537137179610056
0.36269558603308987843050  0.00491672667665195382153
0.93523124626592102348610  0.25603601984282969850071
0.67093646283674379660056  0.99761193722876650991083
0.02473658898493815913588  0.72430797605384411586016
0.79944394962069909027491  0.46297537574404984406229
0.01364221410414915777731  0.21359161405374921249845
0.06134969596609655267949  0.64456340041374549088005
0.22839851227134402855690  0.24595137915101553116592
0.89869439098265035958946  0.34762124741661121207770
0.40349552069893934724831  0.14511990399047905442309
0.26472432427823733291916  0.97923003527886798291746
0.13408016832267347084873  0.39338465717253129350084
0.18531827012539980881201  0.18630166449674911977041
0.56339629698365589760556  0.24540721310605570493202
0.05946617691267237770791  0.79368394095914118757662
0.96996305463589660433854  0.35374649834477761567442
0.11038620623443581858503  0.38834248449151420601311
0.99447548018217291065923  0.94434643533103845847165
0.75621676245938351801357  0.11774141639568781736447
0.20824998847599104911943  0.79106375067367717957012
0.63110585859758483451287  0.95337885991406479124777
0.53100951903399518094773  0.24823932305414248000730
0.53612016203941836867131  0.32458870841583925548335
0.12940445639992487203429  0.73017865041827678673769
0.01728973340075204770394  0.12441288162806680983596
0.58559626988823831883479  0.17348162443144202193857
0.38544883055013984263226  0.54118184716370820730447
0.17074793060858603488406  0.67403278099281727087089
0.47091914233831683178622  0.90712692609157041800927
0.62519976486795703074506  0.98299976698182223167066
0.86074662691367476163862  0.19776935076673049507257
0.32046816154870966242285  0.07032530776791587334706
0.10792943030716017904780  0.92194008474088440241445
0.12769263375074915711771  0.56934544151832022773618
0.58869568758869827984626  0.69732062965028585033167
0.41199904497689471272182  0.15878246549757088490473
0.38423507794099936996091  0.05251697030881164601768
0.62918055790744675803694  0.95270074030601847869804
0.71800314857814617752751  0.03173940925161095050200
0.58479886297991579002797  0.04290118248875006423670
0.69155222481554934343961  0.23901647606567061332683
0.45132200208673517449753  0.03936562521433500244639
0.36856867695936107454102  0.82149692153472142486237
0.10989441387416602757821  0.43861150406877902341307
0.83564623191166609306180  0.50785603977575077827566
0.43024203682327238906780  0.73915480872059879935421
0.01747484989366828583846  0.07588393143055313649903
0.40449395331028525912842  0.99732167236445734559425
0.55078531337458380701122  0.69591806445450088425275
0.56543754725227413082678  0.92277945366323732567793
0.98028757409243016951450  0.99091751847393727548052
0.98760621965103012609433  0.31164806089577090641995
0.03340904748632693432864  0.29263051446471660677062
0.63072661487112158251733  0.88967849046571545468254
0.88582980282873269306521  0.89919951332186853765194
0.73688317190159036140784  0.32088848704445849246980
0.47234926672888694065833  0.00129803587356343394683
0.99090474320989485601530  0.29283034151479692130948
0.51020043248288904358390  0.55683592563930006669182
0.39564161251480578496142  0.25237076177643241736703
0.10698699441993524128502  0.46304582825356432884689
0.31754571890746952078644  0.45223200990090106632380
0.46264172071331566282737  0.52534040267497972287458
0.19737141620520989859777  0.41889281137801426257994
0.35414321661246728201178  0.26671599172559917745318
0.45596899009267477520524  0.70068321334031424818534
0.36736672552977450711964  0.13064325373656152096125
0.55103209927048335536881  0.60124620317104238154116
0.97626589322907519896688  0.00605441555119197796775
0.03033719165730415848192  0.73079189919569598199445
0.05044341482354990080506  0.43667545368880777978404
0.61486933036625679438458  0.35510607166357915920329
0.42560833676932885438760  0.31921515613696999080773
0.84454146749438385732844  0.41627245650024324863381
0.35845214505653805181495  0.76923992067801338912147
0.29664564473104571007411  0.74298807064150351742171
0.98163006606639158224681  0.26104281643402255097541
0.52302765956507535349829  0.11611352041413722235852
0.03767790064597549559711  0.18645444105805464296566
0.05592008898345095929683  0.95359422471669375021008
0.91648412494924069715552  0.00436579675431227488130
0.32228761019208590488105  0.65849239177632568065235
0.77506107973994020632347  0.21446907027413483759481
0.71124906216088179533585  0.44469048539689381982498
0.64581082018452495852046  0.36578232016911144119931
0.32903785108789390667638  0.28554364971252149674186
0.93944530720944918744664  0.59225856000349941243854
0.62426883738911476129374  0.46138555428493321919348
0.18910599825308535559820  0.04021057994406471852722
0.67327392220355042340429  0.13948141079061407432427
0.50745042488650005108042  0.09806376295833635348131
0.04688601072904025057753  0.51007796308654751449296
0.52972848428021335198679  0.43606148648121917377196
0.17927458143791136224721  0.62774504649857210125674
0.90872802271370711757470  0.62770418819055973091992
0.24922950450982148118406  0.43451409108830768568410
0.79757999730125517245938  0.14988526593911169482176
0.28226226253162095547466  0.57605038107792116974792
0.10738579262446178164137  0.33705665788688582429344
0.17245972425244418535506  0.45784468893236696107607
0.12871173765084470419495  0.74082131764245562344229
0.38622477824882212038560  0.56406656264623022956073
0.43607830408463332805269  0.79430091086100551578397
0.34234738783150270302613  0.13283809918338373989855
0.97471004004757799688008  0.79525452778921390528666
0.14093813804680510592959  0.21572363136654063020536
0.34995796335725015691054  0.41468671322480571417302
0.53978106227163569208471  0.89951479452114713186717
0.73108340559030593475143  0.86112322685912467967739
0.41746769362253188795364  0.62014161549104629411744
0.95971543348708121534685  0.56278964288111366087719
0.74502750162883457640817  0.31985731339057266175985
0.70646912155733943006197  0.76540369147834785845674
0.80202503644961276041414  0.81416896146787032240155
0.56698775396840894735817  0.67418256476087068396197
0.69947026602400952377536  0.82722853700213627714533
0.89648582076576077692920  0.25154399405193411665138
0.12385097410138493079224  0.20281615184614384950201
0.50947861954570516918039  0.66248309365752755528689
0.43542021023450849792624  0.49503665729924528626782
0.10438666661172042726680  0.27889765605045319096789
0.38922045245211334130175  0.04005624945141336712418
0.44341527329461888351503  0.23654361049210440026691
0.46378855881657754522962  0.22558225980809282207318
0.72854511817933442774375  0.70547487562358224266745
0.80538138030081818374839  0.79932897110877509927462
0.33738399828498255583753  0.23653365773236598168516
0.49031151826136876170636  0.64503253588466336054807
0.60348763804032423685442  0.74420129984041549775498
0.76364012912983847414239  0.82710142478215975536671
0.84392497895555973475012  0.72000238525343529527589
0.86360702587240556482584  0.34259696496357927575360
0.06305811185896589843303  0.33631721190389091136197
0.24719173471018815457789  0.10947812294326750293116
0.78476027687205507366031  0.64135571902326504734049
0.64373682767467643728310  0.07417459070198426096532
0.39807709681440722748746  0.34484258667308753665282
0.64263510010964408625256  0.36934264439618758046890
0.16788511352953056077197  0.37372587653953098785209
0.48700557399669403002562  0.27067916635208894016174
0.84378707664326257908982  0.53332557930580604121928
0.28311259229071655818544  0.94473621935519835890460
0.40930592046064628863888  0.29535949179751919135839
0.06006542605914547139356  0.36832616360797942878236
0.90946110844874861189879  0.96811140508072424104569
0.12466031460959410559486  0.33594913836738626855549
0.99825966963114054486539  0.04499117581847765501291
0.07381491875211609876573  0.33891098924129159364327
0.41668751512247492740926  0.90062295703801054091997
0.71551215338073692606713  0.89747644718775287930868
0.69015715221656437350362  0.87869928066631142193899
0.30186515474003122738722  0.64235460861716819902512
0.55470043481778907867863  0.23730696868054373949164
0.72399274164348148552506  0.92030652170828497471433
0.41533596573932990425604  0.17243317187818815727773
0.54726004179135157023950  0.66382573613238160525896
0.17335819392244056214025  0.95372070693261379314976
0.42083018666269261798263  0.60806066984063977809427
0.41824489213545790189386  0.05945359668106457023962
0.39705969008142166787323  0.76738942978347246537396
0.63140407107569374023370  0.74137253579873507725040
0.90064842503995246048021  0.33105435055109827535702
0.10123341334082432141361  0.15509296632394958814771
0.49084971458937465271788  0.83419548600126225412765
0.40711240811843790732283  0.51004659460743040355624
0.08552805560281576124915  0.62719735877215188057932
0.37413760124110795324270  0.44078506645870935143350
0.09595623832063902847178  0.02133575150745293039223
0.78793271696116906621654  0.74538750631341055274959
0.72092480333368180733800  0.11226351056228217606403
0.20042583116685941391211  0.24985657957816756469249
0.14969756200484682362450  0.94678995334688931251321
0.60276145995531316135185  0.16074136400991018147622
0.11945417384769564661529  0.25190529268534594953266
0.20189642283247041798511  0.25727621982206461126452
0.22883062944729504195607  0.56977326619379031757973
0.24746577158395741125041  0.71679186645391090859647
0.21748764070158213557171  0.35205142237074832367583
0.03184363030450992199105  0.81332714950306239654054
0.07993407828840998208264  0.32515125573014319604326
0.80859843653135465846304  0.63840558478854780855016
0.67446805052662339718950  0.19426419482866788546183
0.01761525556977768663947  0.01489958915699781706599
0.77386249156636288670796  0.47952144108454802795549
0.66380912795850155472266  0.64841828822234459650531
0.91114980151957380982708  0.43697500701705510595119
0.11321205568351846992847  0.94233266173771768059453
0.21968722457403255798880  0.33995436270035583881111
0.86656380081511019675133  0.96801618735493355494270
0.68372707972092783279550  0.27665671882722386865083
0.23995480506873581583172  0.04171729522597641265369
0.84014480950842562734238  0.45303817976241217424516
0.18817056221603417620614  0.99750981226260293510677
0.73718050788121347594029  0.28741697677740257743650
0.94048688822610193582818  0.51855225557514417200622
0.13243233148846267344112  0.73653744961226508269903
0.65159866799137100557004  0.70498368459438731647992
0.61354309654665006856789  0.07522372822075365506045
0.26877509319556086575531  0.82120738487138211780803
0.60613678961355355045981  0.60716269609800344042583
0.82032794694731470119820  0.70614523196233491830753
0.33975096658661174675586  0.83175867227811206561228
0.18482232441832360803069  0.27024665341652615024870
0.54471565456099058089023  0.56148589417011152136183
0.11569705230786493654893  0.52276831660900202614073
0.75800207826717580505971  0.04295725001586836455658
0.40957658097647364758842  0.07784962038686991936398
0.80939189475476114310482  0.59160476534803363435344
0.28557195758104175764558  0.06589755320605761301778
0.99657010938388268517230  0.09660298075360322644922
0.86787518053105683346615  0.60151713950835139499418
0.71019948087777062806225  0.57683521326014464136733
0.54487611576486194575608  0.99519112580196200656957
0.19236620008646557189458  0.22593070124888409155872
0.24356443823290127581593  0.46267315370745853986278
0.87073826346023397437790  0.00611714607081876270145
0.67740991250670379297816  0.97178223425549015157543
0.70245720126392086068989  0.07293037834077603642768
0.59645304507169505381370  0.01903348444130577646338
0.50211084905213954066028  0.44086738348945636589704
